5
5 5
2 2
32 32
10
0 0
0 0
0 0
0 0
0 0
0 0
0 0
0 0
0 0 
0 0
0 0 1 0 0
0 0 1 0 0
0 0 1 0 0
0 1 0 1 0
1 0 0 0 1

5 5
2 2
24 40
10
0 0
0 0
0 0
0 0
0 0
0 0
0 0
0 0
0 0 
0 0
0 0 0 0 1
0 0 0 1 0
0 0 1 0 0
0 1 0 0 0
1 0 0 0 0

5 5
2 2
19 45
10
0 0
0 0
0 0
0 0
0 0
0 0
0 0
0 0
0 0 
0 0
0 0 0 0 1
0 0 0 1 0
0 0 1 0 0
0 1 0 0 0
1 0 0 0 0

5 5
2 2
40 40
10
0 0
0 0
0 0
0 0
0 0
0 0
0 0
0 0
0 0 
0 0
1 0 0 0 0
0 1 0 0 0
0 0 1 0 0
0 0 0 1 0
0 0 0 0 1

5 5
2 2
45 45
10
0 0
0 0
0 0
0 0
0 0
0 0
0 0
0 0
0 0 
0 0
1 0 0 0 0
0 1 0 0 0
0 0 1 0 0
0 0 0 1 0
0 0 0 0 1