     0.29167     0.41667     0.29167     0.08333    -0.16667     0.08333     0.08333    -0.16667     0.08333     0.04167    -0.08333     0.04167     0.29167    -0.29167    -0.20833     0.20833    -0.08333     0.08333     0.08333    -0.08333    -0.04167     0.04167    -0.04167     0.04167     0.29167    -0.29167     0.08333    -0.08333    -0.20833     0.20833    -0.04167     0.04167    -0.08333     0.08333    -0.04167     0.04167
     0.08333    -0.16667     0.08333     0.29167     0.41667     0.29167     0.04167    -0.08333     0.04167     0.08333    -0.16667     0.08333     0.08333    -0.08333     0.20833    -0.20833    -0.29167     0.29167     0.04167    -0.04167     0.04167    -0.04167    -0.08333     0.08333     0.08333    -0.08333     0.29167    -0.29167    -0.04167     0.04167    -0.20833     0.20833    -0.04167     0.04167    -0.08333     0.08333
     0.08333    -0.16667     0.08333     0.04167    -0.08333     0.04167     0.29167     0.41667     0.29167     0.08333    -0.16667     0.08333     0.08333    -0.08333    -0.04167     0.04167    -0.04167     0.04167     0.29167    -0.29167    -0.20833     0.20833    -0.08333     0.08333     0.08333    -0.08333     0.04167    -0.04167     0.20833    -0.20833     0.04167    -0.04167    -0.29167     0.29167    -0.08333     0.08333
     0.04167    -0.08333     0.04167     0.08333    -0.16667     0.08333     0.08333    -0.16667     0.08333     0.29167     0.41667     0.29167     0.04167    -0.04167     0.04167    -0.04167    -0.08333     0.08333     0.08333    -0.08333     0.20833    -0.20833    -0.29167     0.29167     0.04167    -0.04167     0.08333    -0.08333     0.04167    -0.04167     0.20833    -0.20833    -0.08333     0.08333    -0.29167     0.29167
     0.29167    -0.20833    -0.08333    -0.29167     0.20833     0.08333     0.08333    -0.04167    -0.04167    -0.08333     0.04167     0.04167     0.29167     0.08333     0.41667    -0.16667     0.29167     0.08333     0.08333     0.04167    -0.16667    -0.08333     0.08333     0.04167     0.29167     0.08333    -0.29167    -0.08333    -0.20833    -0.04167     0.20833     0.04167    -0.08333    -0.04167     0.08333     0.04167
     0.08333     0.20833    -0.29167    -0.08333    -0.20833     0.29167     0.04167     0.04167    -0.08333    -0.04167    -0.04167     0.08333     0.08333     0.29167    -0.16667     0.41667     0.08333     0.29167     0.04167     0.08333    -0.08333    -0.16667     0.04167     0.08333     0.08333     0.29167    -0.08333    -0.29167    -0.04167    -0.20833     0.04167     0.20833    -0.04167    -0.08333     0.04167     0.08333
     0.08333    -0.04167    -0.04167    -0.08333     0.04167     0.04167     0.29167    -0.20833    -0.08333    -0.29167     0.20833     0.08333     0.08333     0.04167    -0.16667    -0.08333     0.08333     0.04167     0.29167     0.08333     0.41667    -0.16667     0.29167     0.08333     0.08333     0.04167    -0.08333    -0.04167     0.20833     0.04167    -0.20833    -0.04167    -0.29167    -0.08333     0.29167     0.08333
     0.04167     0.04167    -0.08333    -0.04167    -0.04167     0.08333     0.08333     0.20833    -0.29167    -0.08333    -0.20833     0.29167     0.04167     0.08333    -0.08333    -0.16667     0.04167     0.08333     0.08333     0.29167    -0.16667     0.41667     0.08333     0.29167     0.04167     0.08333    -0.04167    -0.08333     0.04167     0.20833    -0.04167    -0.20833    -0.08333    -0.29167     0.08333     0.29167
     0.29167    -0.20833    -0.08333     0.08333    -0.04167    -0.04167    -0.29167     0.20833     0.08333    -0.08333     0.04167     0.04167     0.29167     0.08333    -0.20833    -0.04167    -0.08333    -0.04167    -0.29167    -0.08333     0.20833     0.04167     0.08333     0.04167     0.29167     0.08333     0.08333     0.04167     0.41667    -0.16667    -0.16667    -0.08333     0.29167     0.08333     0.08333     0.04167
     0.08333     0.20833    -0.29167     0.04167     0.04167    -0.08333    -0.08333    -0.20833     0.29167    -0.04167    -0.04167     0.08333     0.08333     0.29167    -0.04167    -0.20833    -0.04167    -0.08333    -0.08333    -0.29167     0.04167     0.20833     0.04167     0.08333     0.08333     0.29167     0.04167     0.08333    -0.16667     0.41667    -0.08333    -0.16667     0.08333     0.29167     0.04167     0.08333
     0.08333    -0.04167    -0.04167     0.29167    -0.20833    -0.08333    -0.08333     0.04167     0.04167    -0.29167     0.20833     0.08333     0.08333     0.04167     0.20833     0.04167    -0.29167    -0.08333    -0.08333    -0.04167    -0.20833    -0.04167     0.29167     0.08333     0.08333     0.04167     0.29167     0.08333    -0.16667    -0.08333     0.41667    -0.16667     0.08333     0.04167     0.29167     0.08333
     0.04167     0.04167    -0.08333     0.08333     0.20833    -0.29167    -0.04167    -0.04167     0.08333    -0.08333    -0.20833     0.29167     0.04167     0.08333     0.04167     0.20833    -0.08333    -0.29167    -0.04167    -0.08333    -0.04167    -0.20833     0.08333     0.29167     0.04167     0.08333     0.08333     0.29167    -0.08333    -0.16667    -0.16667     0.41667     0.04167     0.08333     0.08333     0.29167
